20200719387
22309
9
20200719386
22300
0
20200719385
22305
5
20200719384
22324
4
20200719383
22357
7
20200719382
22359
9
20200719381
22385
5
20200719380
22370
0
20200719379
22357
7
20200719378
22371
1
20200719377
22352
2
20200719376
22372
2
20200719375
22358
8
20200719374
22353
3
20200719373
22352
2
20200719372
22342
2
20200719371
22346
6
20200719370
22336
6
20200719369
22326
6
20200719368
22331
1
20200719367
22349
9
20200719366
22327
7
20200719365
22333
3
20200719364
22364
4
20200719363
22369
9
20200719362
22359
9
20200719361
22353
3
20200719360
22347
7
20200719359
22347
7
20200719358
22338
8
20200719357
22323
3
20200719356
22323
3
20200719355
22294
4
20200719354
22294
4
20200719353
22283
3
20200719352
22301
1
20200719351
22287
7
20200719350
22302
2
20200719349
22301
1
20200719348
22299
9
20200719347
22291
1
20200719346
22299
9
20200719345
22273
3
20200719344
22296
6
20200719343
22314
4
20200719342
22331
1
20200719341
22354
4
20200719340
22389
9
20200719339
22388
8
20200719338
22365
5
20200719337
22384
4
20200719336
22406
6
20200719335
22390
0
20200719334
22407
7
20200719333
22386
6
20200719332
22407
7
20200719331
22416
6
20200719330
22426
6
20200719329
22435
5
20200719328
22414
4
20200719327
22400
0
20200719326
22412
2
20200719325
22427
7
20200719324
22417
7
20200719323
22401
1
20200719322
22412
2
20200719321
22420
0
20200719320
22407
7
20200719319
22405
5
20200719318
22429
9
20200719317
22443
3
20200719316
22436
6
20200719315
22435
5
20200719314
22443
3
20200719313
22440
0
20200719312
22468
8
20200719311
22457
7
20200719310
22464
4
20200719309
22462
2
20200719308
22440
0
20200719307
22462
2
20200719306
22469
9
20200719305
22495
5
20200719304
22508
8
20200719303
22538
8
20200719302
22510
0
20200719301
22512
2
20200719300
22538
8
20200719299
22524
4
20200719298
22530
0
20200719297
22515
5
20200719296
22522
2
20200719295
22505
5
20200719294
22498
8
20200719293
22510
0
20200719292
22503
3
20200719291
22528
8
20200719290
22518
8
20200719289
22495
5
20200719288
22503
3
20200719287
22505
5
20200719286
22499
9
20200719285
22516
6
20200719284
22507
7
20200719283
22518
8
20200719282
22492
2
20200719281
22514
4
20200719280
22506
6
20200719279
22509
9
20200719278
22503
3
20200719277
22502
2
20200719276
22493
3
20200719275
22507
7
20200719274
22489
9
20200719273
22493
3
20200719272
22487
7
20200719271
22511
1
20200719270
22480
0
20200719269
22472
2
20200719268
22493
3
20200719267
22478
8
20200719266
22466
6
20200719265
22441
1
20200719264
22432
2
20200719263
22459
9
20200719262
22457
7
20200719261
22457
7
20200719260
22468
8
20200719259
22485
5
20200719258
22494
4
20200719257
22486
6
20200719256
22481
1
20200719255
22464
4
20200719254
22469
9
20200719253
22485
5
20200719252
22492
2
20200719251
22509
9
20200719250
22526
6
20200719249
22518
8
20200719248
22504
4
20200719247
22492
2
20200719246
22514
4
20200719245
22525
5
20200719244
22529
9
20200719243
22540
0
20200719242
22513
3
20200719241
22539
9
20200719240
22547
7
20200719239
22540
0
20200719238
22548
8
20200719237
22562
2
20200719236
22555
5
20200719235
22574
4
20200719234
22557
7
20200719233
22584
4
20200719232
22580
0
20200719231
22560
0
20200719230
22589
9
20200719229
22614
4
20200719228
22638
8
20200719227
22611
1
20200719226
22604
4
20200719225
22611
1
20200719224
22607
7
20200719223
22631
1
20200719222
22658
8
20200719221
22624
4
20200719220
22612
2
20200719219
22632
2
20200719218
22618
8
20200719217
22636
6
20200719216
22620
0
20200719215
22630
0
20200719214
22639
9
20200719213
22667
7
20200719212
22675
5
20200719211
22695
5
20200719210
22711
1
20200719209
22721
1
20200719208
22743
3
20200719207
22715
5
20200719206
22695
5
20200719205
22692
2
20200719204
22675
5
20200719203
22660
0
20200719202
22657
7
20200719201
22652
2
20200719200
22671
1
20200719199
22679
9
20200719198
22668
8
20200719197
22660
0
20200719196
22647
7
20200719195
22651
1
20200719194
22649
9
20200719193
22643
3
20200719192
22633
3
20200719191
22640
0
20200719190
22645
5
20200719189
22657
7
20200719188
22640
0
20200719187
22643
3
20200719186
22649
9
20200719185
22639
9
20200719184
22632
2
20200719183
22634
4
20200719182
22624
4
20200719181
22637
7
20200719180
22640
0
20200719179
22665
5
20200719178
22665
5
20200719177
22662
2
20200719176
22651
1
20200719175
22657
7
20200719174
22644
4
20200719173
22641
1
20200719172
22635
5
20200719171
22632
2
20200719170
22663
3
20200719169
22630
0
20200719168
22610
0
20200719167
22601
1
20200719166
22629
9
20200719165
22615
5
20200719164
22616
6
20200719163
22616
6
20200719162
22638
8
20200719161
22622
2
20200719160
22640
0
20200719159
22621
1
20200719158
22623
3
20200719157
22638
8
20200719156
22651
1
20200719155
22660
0
20200719154
22666
6
20200719153
22675
5
20200719152
22685
5
20200719151
22685
5
20200719150
22687
7
20200719149
22674
4
20200719148
22698
8
20200719147
22686
6
20200719146
22693
3
20200719145
22684
4
20200719144
22667
7
20200719143
22661
1
20200719142
22668
8
20200719141
22652
2
20200719140
22658
8
20200719139
22664
4
20200719138
22684
4
20200719137
22685
5
20200719136
22674
4
20200719135
22698
8
20200719134
22660
0
20200719133
22665
5
20200719132
22676
6
20200719131
22675
5
20200719130
22671
1
20200719129
22653
3
20200719128
22665
5
20200719127
22670
0
20200719126
22686
6
20200719125
22685
5
20200719124
22690
0
20200719123
22713
3
20200719122
22724
4
20200719121
22744
4
20200719120
22741
1
20200719119
22761
1
20200719118
22773
3
20200719117
22762
2
20200719116
22741
1
20200719115
22711
1
20200719114
22720
0
20200719113
22721
1
20200719112
22726
6
20200719111
22703
3
20200719110
22696
6
20200719109
22665
5
20200719108
22675
5
20200719107
22681
1
20200719106
22671
1
20200719105
22692
2
20200719104
22678
8
20200719103
22698
8
20200719102
22719
9
20200719101
22713
3
20200719100
22727
7
20200719099
22742
2
20200719098
22759
9
20200719097
22772
2
20200719096
22756
6
20200719095
22730
0
20200719094
22701
1
20200719093
22711
1
20200719092
22710
0
20200719091
22716
6
20200719090
22701
1
20200719089
22703
3
20200719088
22715
5
20200719087
22690
0
20200719086
22681
1
20200719085
22678
8
20200719084
22705
5
20200719083
22691
1
20200719082
22683
3
20200719081
22672
2
20200719080
22678
8
20200719079
22659
9
20200719078
22688
8
20200719077
22702
2
20200719076
22715
5
20200719075
22702
2
20200719074
22701
1
20200719073
22701
1
20200719072
22711
1
20200719071
22704
4
20200719070
22684
4
20200719069
22666
6
20200719068
22649
9
20200719067
22668
8
20200719066
22691
1
20200719065
22686
6
20200719064
22686
6
20200719063
22707
7
20200719062
22716
6
20200719061
22716
6
20200719060
22711
1
20200719059
22738
8
20200719058
22754
4
20200719057
22776
6
20200719056
22796
6
20200719055
22783
3
20200719054
22761
1
20200719053
22780
0
20200719052
22771
1
20200719051
22782
2
20200719050
22809
9
20200719049
22836
6
20200719048
22843
3
20200719047
22850
0
20200719046
22847
7
20200719045
22846
6
20200719044
22837
7
20200719043
22810
0
20200719042
22827
7
20200719041
22849
9
20200719040
22848
8
20200719039
22859
9
20200719038
22846
6
20200719037
22831
1
20200719036
22816
6
20200719035
22810
0
20200719034
22790
0
20200719033
22811
1
20200719032
22813
3
20200719031
22818
8
20200719030
22831
1
20200719029
22849
9
20200719028
22829
9
20200719027
22832
2
20200719026
22830
0
20200719025
22850
0
20200719024
22842
2
20200719023
22836
6
20200719022
22822
2
20200719021
22806
6
20200719020
22801
1
20200719019
22809
9
20200719018
22787
7
20200719017
22791
1
20200719016
22792
2
20200719015
22824
4
20200719014
22829
9
20200719013
22829
9
20200719012
22807
7
20200719011
22800
0
20200719010
22813
3
20200719009
22816
6
20200719008
22802
2
20200719007
22782
2
20200719006
22787
7
20200719005
22798
8
20200719004
22806
6
20200719003
22813
3
20200719002
22786
6
20200719001
22769
9
20200718480
22793
3
20200718479
22817
7
20200718478
22804
4
20200718477
22799
9
20200718476
22803
3
20200718475
22798
8
20200718474
22796
6
20200718473
22816
6
20200718472
22833
3
20200718471
22820
0
20200718470
22823
3
20200718469
22837
7
20200718468
22806
6
20200718467
22788
8
20200718466
22784
4
20200718465
22774
4
20200718464
22770
0
20200718463
22776
6
20200718462
22781
1
20200718461
22775
5
20200718460
22770
0
20200718459
22752
2
20200718458
22752
2
20200718457
22765
5
20200718456
22739
9
20200718455
22732
2
20200718454
22729
9
20200718453
22704
4
20200718452
22670
0
20200718451
22679
9
20200718450
22699
9
20200718449
22690
0
20200718448
22705
5
20200718447
22688
8
20200718446
22675
5
20200718445
22670
0
20200718444
22651
1
20200718443
22666
6
20200718442
22688
8
20200718441
22669
9
20200718440
22672
2
20200718439
22695
5
20200718438
22679
9
20200718437
22703
3
20200718436
22730
0
20200718435
22741
1
20200718434
22778
8
20200718433
22748
8
20200718432
22754
4
20200718431
22752
2
20200718430
22748
8
20200718429
22748
8
20200718428
22715
5
20200718427
22707
7
20200718426
22712
2
20200718425
22729
9
20200718424
22715
5
20200718423
22739
9
20200718422
22727
7
20200718421
22717
7
20200718420
22723
3
20200718419
22715
5
20200718418
22719
9
20200718417
22703
3
20200718416
22696
6
20200718415
22697
7
20200718414
22717
7
20200718413
22694
4
20200718412
22676
6
20200718411
22660
0
20200718410
22689
9
20200718409
22704
4
20200718408
22701
1
20200718407
22694
4
20200718406
22729
9
20200718405
22728
8
20200718404
22740
0
20200718403
22728
8
20200718402
22722
2
20200718401
22728
8
20200718400
22700
0
20200718399
22693
3
20200718398
22690
0
20200718397
22684
4
20200718396
22703
3
20200718395
22682
2
20200718394
22688
8
20200718393
22660
0
20200718392
22668
8
20200718391
22681
1
20200718390
22677
7
20200718389
22684
4
20200718388
22690
0
20200718387
22701
1
20200718386
22722
2
20200718385
22729
9
20200718384
22741
1
20200718383
22765
5
20200718382
22739
9
20200718381
22727
7
20200718380
22745
5
20200718379
22766
6
20200718378
22783
3
20200718377
22771
1
20200718376
22770
0
20200718375
22771
1
20200718374
22780
0
20200718373
22788
8
20200718372
22783
3
20200718371
22773
3
20200718370
22741
1
20200718369
22729
9
20200718368
22722
2
20200718367
22713
3
20200718366
22731
1
20200718365
22721
1
20200718364
22701
1
20200718363
22712
2
20200718362
22709
9
20200718361
22721
1
20200718360
22707
7
20200718359
22734
4
20200718358
22737
7
20200718357
22742
2
20200718356
22767
7
20200718355
22773
3
20200718354
22787
7
20200718353
22773
3
20200718352
22757
7
20200718351
22731
1
20200718350
22721
1
20200718349
22701
1
20200718348
22737
7
20200718347
22731
1
20200718346
22741
1
20200718345
22769
9
20200718344
22782
2
20200718343
22773
3
20200718342
22760
0
20200718341
22788
8
20200718340
22764
4
20200718339
22762
2
20200718338
22772
2
20200718337
22793
3
20200718336
22771
1
20200718335
22752
2
20200718334
22757
7
20200718333
22774
4
20200718332
22784
4
20200718331
22798
8
20200718330
22784
4
20200718329
22761
1
20200718328
22769
9
20200718327
22764
4
20200718326
22771
1
20200718325
22771
1
20200718324
22793
3
20200718323
22814
4
20200718322
22805
5
20200718321
22798
8
20200718320
22788
8
20200718319
22770
0
20200718318
22767
7
20200718317
22735
5
20200718316
22712
2
20200718315
22735
5
20200718314
22709
9
20200718313
22728
8
20200718312
22722
2
20200718311
22725
5
20200718310
22731
1
20200718309
22722
2
20200718308
22747
7
20200718307
22731
1
20200718306
22758
8
20200718305
22770
0
20200718304
22781
1
20200718303
22789
9
20200718302
22780
0
20200718301
22796
6
20200718300
22799
9
20200718299
22780
0
20200718298
22782
2
20200718297
22781
1
20200718296
22776
6
20200718295
22798
8
20200718294
22782
2
20200718293
22751
1
20200718292
22750
0
20200718291
22782
2
20200718290
22771
1
20200718289
22764
4
20200718288
22794
4
20200718287
22819
9
20200718286
22791
1
20200718285
22805
5
20200718284
22811
1
20200718283
22804
4
20200718282
22780
0
20200718281
22769
9
20200718280
22768
8
20200718279
22757
7
20200718278
22748
8
20200718277
22753
3
20200718276
22752
2
20200718275
22766
6
20200718274
22753
3
20200718273
22734
4
20200718272
22739
9
20200718271
22742
2
20200718270
22777
7
20200718269
22762
2
20200718268
22761
1
20200718267
22752
2
20200718266
22775
5
20200718265
22771
1
20200718264
22789
9
20200718263
22806
6
20200718262
22790
0
20200718261
22770
0
20200718260
22750
0
20200718259
22760
0
20200718258
22735
5
20200718257
22720
0
20200718256
22724
4
20200718255
22722
2
20200718254
22717
7
20200718253
22713
3
20200718252
22716
6
20200718251
22716
6
20200718250
22731
1
20200718249
22747
7
20200718248
22758
8
20200718247
22772
2
20200718246
22753
3
20200718245
22755
5
20200718244
22772
2
20200718243
22776
6
20200718242
22780
0
20200718241
22790
0
20200718240
22786
6
20200718239
22773
3
20200718238
22797
7
20200718237
22781
1
20200718236
22760
0
20200718235
22785
5
20200718234
22771
1
20200718233
22777
7
20200718232
22784
4
20200718231
22785
5
20200718230
22795
5
20200718229
22784
4
20200718228
22794
4
20200718227
22780
0
20200718226
22750
0
20200718225
22747
7
20200718224
22747
7
20200718223
22769
9
20200718222
22744
4
20200718221
22762
2
20200718220
22762
2
20200718219
22767
7
20200718218
22762
2
20200718217
22751
1
20200718216
22738
8
20200718215
22718
8
20200718214
22719
9
20200718213
22718
8
20200718212
22705
5
20200718211
22722
2
20200718210
22741
1
20200718209
22764
4
20200718208
22741
1
20200718207
22728
8
20200718206
22756
6
20200718205
22733
3
20200718204
22719
9
20200718203
22722
2
20200718202
22718
8
20200718201
22716
6
20200718200
22747
7
20200718199
22763
3
20200718198
22757
7
20200718197
22782
2
20200718196
22769
9
20200718195
22791
1
20200718194
22775
5
20200718193
22783
3
20200718192
22808
8
20200718191
22786
6
20200718190
22803
3
20200718189
22826
6
20200718188
22850
0
20200718187
22866
6
20200718186
22849
9
20200718185
22829
9
20200718184
22850
0
20200718183
22871
1
20200718182
22871
1
20200718181
22871
1
20200718180
22883
3
20200718179
22900
0
20200718178
22874
4
20200718177
22884
4
20200718176
22891
1
20200718175
22895
5
20200718174
22885
5
20200718173
22880
0
20200718172
22896
6
20200718171
22915
5
20200718170
22933
3
20200718169
22901
1
20200718168
22898
8
20200718167
22871
1
20200718166
22888
8
20200718165
22887
7
20200718164
22875
5
20200718163
22869
9
20200718162
22875
5
20200718161
22879
9
20200718160
22860
0
20200718159
22883
3
20200718158
22883
3
20200718157
22874
4
20200718156
22908
8
20200718155
22886
6
20200718154
22886
6
20200718153
22867
7
20200718152
22858
8
20200718151
22841
1
20200718150
22829
9
20200718149
22824
4
20200718148
22826
6
20200718147
22807
7
20200718146
22802
2
20200718145
22812
2
20200718144
22809
9
20200718143
22811
1
20200718142
22828
8
20200718141
22798
8
20200718140
22804
4
20200718139
22797
7
20200718138
22814
4
20200718137
22804
4
20200718136
22799
9
20200718135
22791
1
20200718134
22783
3
20200718133
22795
5
20200718132
22774
4
20200718131
22797
7
20200718130
22807
7
20200718129
22780
0
20200718128
22772
2
20200718127
22752
2
20200718126
22766
6
20200718125
22743
3
20200718124
22734
4
20200718123
22710
0
20200718122
22695
5
20200718121
22676
6
20200718120
22667
7
20200718119
22668
8
20200718118
22669
9
20200718117
22655
5
20200718116
22649
9
20200718115
22660
0
20200718114
22656
6
20200718113
22640
0
20200718112
22638
8
20200718111
22653
3
20200718110
22636
6
20200718109
22634
4
20200718108
22629
9
20200718107
22647
7
20200718106
22667
7
20200718105
22656
6
20200718104
22648
8
20200718103
22659
9
20200718102
22643
3
20200718101
22657
7
20200718100
22664
4
20200718099
22634
4
20200718098
22645
5
20200718097
22639
9
20200718096
22633
3
20200718095
22639
9
20200718094
22650
0
20200718093
22647
7
20200718092
22658
8
20200718091
22666
6
20200718090
22643
3
20200718089
22624
4
20200718088
22636
6
20200718087
22604
4
20200718086
22610
0
20200718085
22595
5
20200718084
22571
1
20200718083
22594
4
20200718082
22606
6
20200718081
22597
7
20200718080
22598
8
20200718079
22569
9
20200718078
22558
8
20200718077
22544
4
20200718076
22523
3
20200718075
22533
3
20200718074
22522
2
20200718073
22509
9
20200718072
22493
3
20200718071
22517
7
20200718070
22532
2
20200718069
22548
8
20200718068
22564
4
20200718067
22547
7
20200718066
22550
0
20200718065
22549
9
20200718064
22547
7
20200718063
22576
6
20200718062
22584
4
20200718061
22568
8
20200718060
22555
5
20200718059
22535
5
20200718058
22548
8
20200718057
22534
4
20200718056
22543
3
20200718055
22550
0
20200718054
22559
9
20200718053
22557
7
20200718052
22538
8
20200718051
22535
5
20200718050
22526
6
20200718049
22545
5
20200718048
22523
3
20200718047
22528
8
20200718046
22542
2
20200718045
22544
4
20200718044
22538
8
20200718043
22537
7
20200718042
22500
0
20200718041
22514
4
20200718040
22525
5
20200718039
22534
4
20200718038
22538
8
20200718037
22539
9
20200718036
22545
5
20200718035
22577
7
20200718034
22579
9
20200718033
22562
2
20200718032
22563
3
20200718031
22581
1
20200718030
22561
1
20200718029
22548
8
20200718028
22546
6
20200718027
22521
1
20200718026
22539
9
20200718025
22539
9
20200718024
22556
6
20200718023
22559
9
20200718022
22577
7
20200718021
22597
7
20200718020
22586
6
20200718019
22611
1
20200718018
22592
2
20200718017
22580
0
20200718016
22556
6
20200718015
22567
7
20200718014
22555
5
20200718013
22534
4
20200718012
22548
8
20200718011
22524
4
20200718010
22509
9
20200718009
22526
6
20200718008
22533
3
20200718007
22564
4
20200718006
22572
2
20200718005
22559
9
20200718004
22543
3
20200718003
22552
2
20200718002
22547
7
20200718001
22528
8
20200717480
22523
3